NGC55	8.7	0.015 0.002	-1.756 0.040	-21.36 0.23	9.445 0.092	84 2
211.3	120.5 3.0	26.573 0.050	-1.067 0.025	-18.96 0.07	81.2 1.6	112.7 1.6
8.87	-51.6 6.3	C,T	0.321 0.004	0.425 0.050	105.0 4.0	-2.2 4.0
Andromeda	3	0.070 0.011	0.296 0.013	-24.94 0.25	11.042 0.101	226 5
292.9	-301.0 1.0	24.453 0.093	-0.701 0.030	-22.17 0.13	78.0 0.5	198.8 0.9
20.72	-62.5 9.8	C,P,S,T	0.288 0.007	0.652 0.041	37.9 0.5	-54.8 0.5
NGC247	6.9	0.020 0.003	-2.420 0.087	-21.84 0.26	9.648 0.103	105 7
230.89	161.0 7.0	27.922 0.078	-2.976 0.107	-19.41 0.14	74.8 0.8	173.9 1.8
4.76	-72.5 12.7	T	0.320 0.007	0.440 0.050	170.6 0.5	66.5 0.6
NGC253	5.1	0.022 0.003	-2.382 0.049	-24.37 0.05	10.805 0.019	217 4
226.46	236.0 1.0	27.695 0.045	-2.506 0.052	-21.40 0.07	75.9 0.9	297.2 1.4
4.02	10.0 6.6	P,T	0.243 0.002	0.638 0.050	51.1 0.5	48.6 0.5
NGC300	6.9	0.015 0.002	-1.687 0.062	-21.19 0.26	9.468 0.103	94 8
214.56	144.5 3.0	26.558 0.080	-1.162 0.043	-18.59 0.14	46.4 3.6	348.5 3.6
1.66	-37.8 7.3	C,P,T	0.059 0.003	0.550 0.050	106.8 1.2	-3.6 0.9
M33	6	0.048 0.008	0.207 0.007	-21.77 0.24	9.636 0.096	106 4
283.49	-180.0 1.0	24.741 0.078	-0.863 0.031	-19.30 0.10	54.0 0.5	299.8 0.7
8.6	11.8 8.9	C,P,T	0.134 0.000	0.462 0.021	22.5 0.5	52.6 0.5
M74	5.2	0.080 0.013	-0.160 0.005	-23.14 0.09	10.196 0.034	147 16
268.97	655.5 1.5	29.759 0.067	-8.936 0.276	-20.85 0.27	9.3 0.9	266.6 0.8
-2.17	162.8 15.8	P	-0.339 0.014	0.482 0.015	25.0 5.0	-11.9 0.8
NGC672	6	0.089 0.014	1.094 0.175	-20.54 0.35	9.140 0.141	78 5
280.92	422.0 2.0	28.810 0.348	-5.666 0.909	-18.12 0.37	64.3 0.7	219.5 1.2
-2.01	182.8 50.9	TFinI	-0.202 0.053	0.457 0.052	67.5 3.5	-32.3 3.1
NGC891	3	0.074 0.012	4.592 0.207	-24.66 0.10	10.856 0.040	227 5
297.21	528.0 2.0	30.022 0.098	-8.931 0.403	-21.54 0.21	88.3 1.5	340.3 10.2
-5.52	-6.8 31.4	P,T	-0.971 0.050	0.551 0.051	22.5 0.5	83.8 1.1
NGC925	6.9	0.086 0.014	3.081 0.068	-22.30 0.07	9.819 0.029	112 6
289.1	546.3 3.9	29.902 0.048	-8.899 0.197	-20.30 0.14	61.0 5.0	350.6 5.0
-9.13	27.0 15.8	C	-1.513 0.036	0.424 0.052	109.3 2.7	-6.0 2.4
NGC1023	-2.7	0.069 0.011	4.558 0.357	-24.16 0.17	10.935 0.069	237 30
295.25	617.0 1.0	30.181 0.170	-9.665 0.757	-20.98 0.21	72.2 1.3	0 0
-9.87	9.2 54.7	P,S	-1.860 0.156	0.933 0.051	85.0 1.0	0 0
Maffei1	-5.0	1.691 0.066	2.290 0.284	-24.24 0.40	10.928 0.159	0 0
314.24	66.4 5.0	27.583 0.269	-2.352 0.291	-21.12 0.33	0 0	0 0
0.01	41.1 31.2	FPinI	0.000 0.016	0.879 0.133	83.9 0.7	0 0
Maffei2	4	2.017 0.211	2.406 0.395	-23.90 0.73	10.493 0.290	170 4
314.45	-23.0 1.0	27.683 0.356	-2.452 0.402	-21.42 0.69	67.0 1.0	317.0 3.2
-0.74	-61.5 41.7	TFinI	-0.044 0.028	0.470 0.371	24.5 1.5	64.1 1.0
Dwingeloo1	6	1.710 0.104	2.572 0.294	-22.15 0.46	9.773 0.184	113 4
314.64	107.9 0.4	27.825 0.248	-2.604 0.298	-19.71 0.40	51.0 2.0	185.4 2.0
-2.90	45.7 31.7	TFinI	-0.185 0.036	0.443 0.096	111.4 0.6	-0.9 0.6
NGC1313	7	0.124 0.020	-4.019 0.037	-21.67 0.24	9.511 0.096	104 6
183.81	480.0 2.0	28.167 0.020	-0.268 0.002	-19.39 0.10	45.4 2.6	146.0 4.0
-18.87	-19.2 7.1	T	-1.376 0.014	0.344 0.053	2.5 1.5	-56.2 1.8
IC342	5.9	0.677 0.056	2.758 0.117	-23.51 0.10	10.302 0.041	192 22
325.37	25.0 3.0	27.633 0.092	-1.904 0.081	-21.30 0.19	25.0 3.0	145.7 1.4
-2.41	-19.4 14.3	C,P	-0.141 0.011	0.425 0.065	39.0 3.0	-20.4 3.0
NGC1569	9.6	0.804 0.129	2.264 0.033	-19.03 0.11	8.246 0.045	35 4
326.11	-81.6 4.4	27.212 0.032	-1.521 0.022	-18.43 0.37	90.0 1.0	232.6 0.6
-7.37	-103.9 11.0	T	-0.353 0.007	0.062 0.126	119.3 1.1	-19.0 1.1
NGC2403	6	0.045 0.007	3.116 0.072	-22.26 0.24	9.791 0.094	134 2
344.94	133.2 2.2	27.620 0.050	-0.838 0.019	-19.87 0.09	60.5 2.5	287.8 4.4
-12.94	22.8 9.9	C,P	-0.742 0.020	0.409 0.050	125.3 0.8	-58.9 1.1
NGC2683	3.1	0.037 0.006	5.672 0.933	-23.49 0.36	10.521 0.143	156 8
10.21	415.0 1.0	29.425 0.357	1.022 0.168	-20.62 0.36	79.3 2.1	294.5 1.8
-40.59	-169.3 55.1	S	-4.938 0.833	0.732 0.050	42.8 1.3	0.0 1.7
NGC2784	-2.1	0.244 0.039	-1.339 0.160	-24.04 0.26	10.877 0.104	203 10
104.04	708.0 10.0	30.087 0.259	5.356 0.639	-20.67 0.30	66.4 1.1	0 0
-57.59	-295.2 65.6	S	-8.696 1.053	0.920 0.061	73.0 1.0	0 0
NGC2787	-1.1	0.149 0.024	7.524 1.254	-22.40 0.36	10.224 0.145	210 15
353.25	723.0 10.0	29.422 0.362	-0.891 0.149	-19.13 0.37	55.5 1.6	194.3 2.2
-7.67	309.0 67.2	S	-1.021 0.192	0.923 0.054	109.0 1.0	61.9 1.5
NGC2903	4	0.035 0.006	5.492 0.476	-23.99 0.19	10.586 0.076	188 4
30	555.6 1.3	29.733 0.188	3.170 0.275	-21.37 0.20	61.2 0.5	260.5 0.7
-43.60	-173.0 38.4	TFinI	-6.038 0.535	0.546 0.050	23.0 1.0	2.2 0.7
M81	2.4	0.091 0.015	3.709 0.147	-24.34 0.09	10.905 0.035	199 11
355.97	-39.4 2.8	27.867 0.086	-0.262 0.010	-21.66 0.12	57.2 1.8	141.3 2.5
-4.89	-173.3 11.2	C,P,S,T	-0.318 0.018	0.795 0.052	151.3 1.1	57.3 1.4
M82	3	0.181 0.029	3.450 0.229	-23.82 0.25	10.573 0.099	110 5
355.59	199.0 7.0	27.709 0.144	-0.266 0.018	-20.67 0.25	76.0 1.8	104.1 2.0
-4.25	86.6 15.2	T	-0.257 0.026	0.625 0.057	67.0 3.0	-24.4 2.9
NGC3115	-2.9	0.053 0.009	1.930 0.099	-24.39 0.11	11.016 0.045	262 9
73.88	663.0 5.0	30.064 0.111	6.678 0.341	-21.43 0.12	86.0 0.5	133.6 1.0
-47.06	-287.4 25.4	P,S,T	-7.471 0.388	0.917 0.051	43.5 1.0	29.7 0.7
NGC3344	4	0.037 0.006	9.407 0.672	-23.43 0.16	10.356 0.065	163 4
37.43	586.8 0.4	30.650 0.155	7.200 0.514	-20.90 0.18	25.5 0.5	38.8 0.3
-28.07	-450.9 59.5	TFinV	-6.318 0.460	0.541 0.050	156.1 0.7	-3.1 0.5
M95	3	0.032 0.005	5.368 0.109	-23.66 0.06	10.589 0.023	197 9
51.68	772.0 3.0	30.086 0.044	6.791 0.138	-20.71 0.06	45.0 2.0	249.6 4.7
-33.11	-104.8 13.2	C,P,T	-5.644 0.117	0.733 0.100	6.0 7.0	-7.9 2.6
M96	1.8	0.028 0.005	5.283 0.333	-23.97 0.14	10.717 0.056	224 41
51.82	910.0 9.0	30.041 0.137	6.717 0.424	-21.16 0.15	49.5 1.6	114.3 4.7
-32.40	49.6 38.8	C,P,S	-5.424 0.350	0.736 0.070	135.0 5.0	-68.2 3.7
NGC3377	-4.8	0.039 0.006	5.901 0.353	-22.92 0.13	10.355 0.053	88 7
49.49	690.0 5.0	30.151 0.130	6.908 0.414	-20.00 0.22	90.0 10.0	305.1 9.0
-31.47	-198.6 38.9	P,S	-5.562 0.341	0.820 0.050	43.7 2.4	-21.6 6.0
M105	-4.8	0.027 0.004	5.440 0.183	-23.99 0.08	10.862 0.030	56 2
51.07	916.0 5.0	30.057 0.073	6.734 0.226	-20.85 0.10	90.0 10.0	320.9 8.5
-31.91	53.8 21.3	P,S	-5.390 0.186	0.928 0.050	70.0 2.1	-0.3 5.6
NGC3384	-2.7	0.031 0.005	5.868 0.327	-23.67 0.12	10.712 0.049	108 28
51.06	737.0 5.0	30.218 0.121	7.261 0.405	-20.29 0.14	62.8 1.6	0 0
-31.83	-181.5 37.1	P,S,T	-5.795 0.330	0.896 0.050	50.5 2.5	0 0
NGC3412	-2.0	0.032 0.005	6.113 0.363	-22.79 0.13	10.344 0.052	121 11
50.44	850.0 2.0	30.258 0.129	7.400 0.440	-19.83 0.20	57.0 1.6	0 0
-30.97	-79.1 40.5	S	-5.761 0.350	0.874 0.050	151.0 0.9	0 0
NGC3489	-1.3	0.019 0.003	6.619 0.439	-23.22 0.14	10.468 0.058	97 12
50.79	702.0 5.0	30.395 0.144	8.112 0.538	-20.22 0.18	58.5 3.0	169.4 2.8
-28.67	-275.0 49.5	S	-5.726 0.388	0.807 0.050	72.1 0.9	13.8 1.5
NGC3621	6.9	0.091 0.015	-1.628 0.051	-22.99 0.08	10.093 0.031	140 4
105.02	728.5 2.7	29.283 0.068	6.066 0.190	-20.41 0.08	64.4 0.5	79.1 2.0
-28.20	-44.8 12.8	C,T	-3.368 0.110	0.422 0.052	163.3 2.1	30.3 0.9
M66	3	0.036 0.006	5.593 0.010	-24.50 0.02	10.809 0.007	199 11
53.43	708.2 1.1	30.074 0.004	7.539 0.014	-21.79 0.04	63.4 1.6	244.5 0.7
-24.23	-148.4 4.5	C,P	-4.224 0.008	0.575 0.050	173.0 0.5	-37.7 1.6
NGC4144	6	0.017 0.003	6.739 0.090	-20.19 0.05	8.991 0.022	74 5
24.07	265.0 1.0	29.346 0.029	3.011 0.040	-18.00 0.18	79.0 1.4	283.7 1.6
-3.06	-210.1 8.2	T	-0.395 0.007	0.447 0.100	102.0 0.5	30.1 0.5
NGC4236	7.9	0.017 0.003	4.393 0.486	-20.91 0.33	9.182 0.133	85 5
2.38	-10.0 5.0	28.220 0.240	0.182 0.020	-18.68 0.25	76.2 0.5	154.3 8.4
5.35	-174.4 25.2	T	0.412 0.031	0.312 0.050	158.1 2.0	-78.6 1.0
NGC4244	6.1	0.024 0.004	3.626 0.062	-21.40 0.48	9.410 0.191	99 2
32.78	244.0 2.0	28.183 0.037	2.335 0.040	-19.10 0.42	84.5 0.5	306.1 0.6
-3.53	-47.2 7.1	T	-0.266 0.007	0.356 0.050	43.6 1.4	-30.8 1.4
M106	4	0.018 0.003	6.953 0.291	-24.28 0.09	10.701 0.037	205 9
23.71	450.0 1.0	29.404 0.091	3.054 0.128	-21.71 0.10	66.9 0.9	235.4 1.5
-1.37	-32.6 20.6	C,P,S,T	-0.182 0.013	0.549 0.050	150.0 0.5	65.3 0.7
NGC4449	9.8	0.022 0.003	3.609 0.070	-21.00 0.06	9.280 0.023	75 9
27.24	214.0 6.0	28.043 0.042	1.858 0.036	-18.45 0.19	56.3 2.6	261.7 2.9
0.18	-25.6 8.9	T	0.013 0.002	0.399 0.100	57.0 7.0	-14.4 5.7
M104	1.1	0.058 0.009	1.161 0.081	-25.10 0.15	11.303 0.061	353 10
82.75	1100.0 3.0	29.852 0.151	9.126 0.635	-22.35 0.19	84.8 0.6	168.9 0.6
-9.20	260.0 34.5	P,S	-1.491 0.113	0.920 0.051	89.9 0.3	-8.0 0.3
NGC4631	6.6	0.019 0.003	5.833 0.099	-23.43 0.04	10.190 0.018	145 5
39.11	617.0 10.0	29.381 0.037	4.742 0.081	-21.21 0.05	85.1 0.5	124.1 0.6
-0.63	85.3 14.0	T	-0.082 0.004	0.310 0.030	74.6 11.4	3.3 11.3
M94	2.4	0.020 0.003	3.862 0.096	-23.39 0.06	10.458 0.023	135 21
31.04	306.7 3.7	28.271 0.054	2.325 0.058	-20.17 0.07	40.5 0.9	354.6 1.6
3.43	31.9 9.4	P,T	0.270 0.004	0.703 0.050	111.3 4.8	21.5 2.9
M64	2.4	0.047 0.007	3.179 0.078	-23.43 0.06	10.496 0.022	164 7
50.39	407.4 7.0	28.489 0.053	3.842 0.094	-20.37 0.08	56.4 1.4	359.2 1.4
0.99	18.1 11.7	T	0.086 0.001	0.734 0.050	113.5 0.5	27.1 0.6
NGC4945	6.1	0.201 0.032	-1.720 0.045	-23.70 0.06	10.528 0.024	174 7
121.43	561.0 3.0	27.614 0.057	2.814 0.074	-20.97 0.22	81.7 2.2	193.5 2.8
-6.08	84.4 11.5	T	-0.351 0.013	0.629 0.032	43.5 1.5	39.5 1.6
NGC5023	5.9	0.020 0.003	5.752 0.098	-19.67 0.07	8.736 0.027	83 2
28.75	406.0 1.0	29.097 0.037	3.156 0.054	-17.54 0.13	87.0 2.0	0 0
7.23	3.7 8.6	T	0.832 0.012	0.381 0.050	28.0 0.5	0 0
NGC5068	6	0.116 0.019	-0.312 0.013	-21.27 0.10	9.501 0.041	94 9
93.44	668.0 3.0	28.586 0.091	5.202 0.218	-18.97 0.20	28.6 1.2	0 0
-0.64	118.6 13.9	P	-0.058 0.008	0.550 0.053	104.0 1.0	0 0
NGC5102	-3.0	0.062 0.010	-1.000 0.095	-20.74 0.21	9.370 0.084	95 2
108.96	470.0 5.0	27.445 0.206	2.910 0.276	-18.09 0.29	70.0 2.0	172.7 2.5
-1.40	37.7 19.9	P,T	-0.075 0.019	0.661 0.051	46.1 3.1	31.4 2.9
CentaurusA	-5.0	0.131 0.021	-1.518 0.007	-24.95 0.25	11.169 0.099	77 7
115.4	541.0 7.0	27.750 0.010	3.197 0.015	-21.92 0.12	79.0 10.0	14.3 10.0
-2.02	66.1 11.4	C,P,T	-0.125 0.001	0.820 0.021	80.0 5.0	-0.6 5.0
M51	4	0.040 0.006	7.129 0.348	-24.24 0.11	10.647 0.044	224 58
25.86	464.0 3.0	29.524 0.106	3.455 0.169	-21.30 0.12	20.0 5.0	202.8 1.9
10.38	-20.2 23.9	P	1.451 0.065	0.492 0.012	169.0 4.2	-29.3 4.9
NGC5195	-1.0	0.041 0.007	6.746 0.820	-23.36 0.27	10.524 0.106	105 11
25.79	601.0 8.5	29.403 0.264	3.259 0.396	-19.89 0.27	42.5 1.8	342.6 1.9
10.46	148.3 55.3	S	1.383 0.152	0.809 0.012	94.5 3.5	12.1 2.4
M83	5	0.075 0.012	-1.096 0.052	-24.08 0.11	10.642 0.042	172 32
102.83	515.0 1.0	28.467 0.103	4.813 0.228	-21.15 0.12	25.0 5.0	81.6 4.4
1.95	-26.5 15.7	C,P,T	0.168 0.002	0.577 0.032	46.0 1.0	-13.0 2.6
M101	5.9	0.010 0.002	6.811 0.408	-24.05 0.14	10.494 0.056	202 33
18.5	244.0 1.0	29.353 0.130	2.278 0.136	-21.48 0.20	21.0 3.0	186.0 1.8
15.63	-156.2 23.6	C,P,T	2.009 0.113	0.390 0.010	42.0 2.0	2.3 2.5
Circinus	3.3	0.649 0.050	-3.193 0.551	-23.68 0.38	10.559 0.150	154 13
138.65	441.5 1.5	28.145 0.375	2.809 0.485	-20.69 0.41	69.9 2.7	20.5 4.2
-0.51	-86.6 52.8	TFinV	-0.038 0.029	0.681 0.110	30.1 6.1	-38.8 5.4
E274-G001	6.6	0.293 0.047	-1.757 0.042	-20.59 0.29	9.235 0.116	77 3
125.07	522.0 2.0	27.482 0.052	2.502 0.060	-17.97 0.19	83.9 2.6	213.0 2.8
15.17	128.1 11.2	T	0.829 0.017	0.561 0.066	43.1 1.0	19.2 1.1
MilkyWay	3	0.000 0.000	-0.004 0.000	-25.26 0.29	11.095 0.118	226 11
134.09	-11.1 1.2	14.593 0.042	0.004 0.000	-22.12 0.20	90.0 0.0	224.8 0.0
87.57	-46.5 9.0	0 	0.135 0.000	0.551 0.051	31.7 0.0	0.7 0.0
NGC6503	5.9	0.036 0.006	4.500 0.441	-21.57 0.21	9.635 0.086	116 1
350.36	25.5 0.4	28.559 0.213	-0.765 0.075	-18.95 0.22	72.7 1.1	260.2 1.4
28.83	-106.4 23.3	T	2.513 0.234	0.569 0.030	120.8 0.5	-39.8 0.6
NGC6946	5.9	0.390 0.062	4.269 0.433	-23.92 0.22	10.529 0.089	200 23
329.99	43.7 3.3	28.947 0.220	-2.466 0.250	-21.59 0.29	32.6 1.0	355.0 1.5
37.75	-121.2 32.3	P	3.817 0.374	0.506 0.115	65.9 3.2	13.1 1.3
IC5052	7.1	0.058 0.009	-5.736 0.098	-21.12 0.30	9.366 0.120	87 4
171.09	584.0 3.0	28.851 0.037	0.900 0.015	-18.68 0.21	85.7 3.2	88.3 3.3
11	26.1 10.2	T	1.128 0.017	0.448 0.051	140.0 1.0	-14.9 1.2
NGC7793	7.4	0.022 0.003	-2.995 0.332	-21.27 0.25	9.448 0.099	112 8
216.62	226.2 1.2	27.897 0.241	-2.226 0.247	-18.94 0.26	51.7 2.1	344.9 2.2
12.5	-33.1 29.8	T	0.827 0.078	0.477 0.020	104.7 5.4	-3.8 4.2